$ANSIBLE_VAULT;1.1;AES256
31356464356633383261663937313866636566626437616531353265393263356366663833313537
6566336361626464636137613438376166373838636264380a653839656338393861633664616338
30666533343664393036313135633733623530633939383835656464316539303539386162323239
3764386362663064630a653830376336363537613638363362666461643931633235636566613534
63373133313162353136356463316466316238363637616463323164323739343566396262623463
34333733393238353937336166346536643134356465663139633837363731663633366638636233
38373866663730313234656136376637333433653165316664313766363766663765306235666462
65353334323333376262323162356663613261303835376664633465653265313661613566653864
35326130643137303732613739353562636437386532343039613038366639313138613035356137
38656265656133313064643163303234386635383638346665393964383736306338303664353037
63643231346661663765643038353433323431346465653036393265376337313730353334613430
34373563366663626234646161346166396262323536333337383032663766363139633036346461
64613766666265346137343663663037626661616165663538626334303565313964373632636164
66333139613631366666356364666433636334623834376231666138633534356330393231613537
38653662336562343937633734336532396163303261306132663333363064383838663237633931
62313065373838303561623563663265343861353238643637383835383335346564323337643166
35653539623464383734616436303263643264613763306664643838343232313432626333333438
33623061346566343438636138386463376561653637626433393736633961326161613866323030
36616266626639333863326633623863363431613062383065336131316130343262363363633234
61626333303430326231646631363130346637643236323231353833303331363536656661623733
33316235316632313335616333626662373035393033383333616634633238613264653664343764
32613464316435663033616264323030353335356261306538633262323536353633613034386435
32306139376636333130313161623731636338333032353038623964623764653962313235363235
62633266346232656661303761643061373037346535396337326131613833303163303436366333
35383961373633636534343331303264386135303333626263383337643430613436383635306237
39303334643238616265393164303038666332643965643630623930383232303564316437363763
63376635333435663132343638333231623966613564663863376331393334373430356434356362
63353665636263626133353366613434383333626332363234666366396431366661356466346533
65636533616163303432333835643964623665376132363436376462353566396331386338303662
64303864326435343834313332383635376433303136396339343735383566313834373830396662
64613165613230303965643932353639323134376239663730386431643130363830313037363462
37373664373136353831656563333735393563386435316161313833333135346464623066356666
3462
